0.0316
0.0102
0.009
0.0092
0.009
0.0088
0.0087
0.0086
0.009
0.0088
0.0088
0.0087
0.0088
0.0087
0.0087
0.0089
0.0088
0.0088
0.0088
0.0088
0.0087
0.0101
0.0088
0.0089
0.0087
0.0086
0.0088
0.0088
0.0088
0.0102
0.0087
0.0089
0.0088
0.0088
0.0087
0.0088
0.0086
0.0087
0.0089
0.0086
0.0087
0.0087
0.0087
0.0088
0.009
0.0089
0.009
0.0089
0.0088
0.0089
0.0088
0.0087
0.009
0.0088
0.0088
0.0088
0.0089
0.0089
0.0088
0.0087
0.0087
0.0088
0.0088
0.0088
0.0088
0.0088
0.0088
0.0087
0.0088
0.0087
0.0089
0.0088
0.0087
0.0087
0.0088
0.0088
0.0086
0.0089
0.0088
0.0089
0.0088
0.0089
0.009
0.009
0.0089
0.009
0.009
0.0088
0.0089
0.0088
0.0088
0.0089
0.009
0.009
0.0088
0.0088
0.0089
0.0089
0.009
0.0089
0.0088
0.009
0.0088
0.0089
0.0088
0.0089
0.0089
0.0087
0.0089
0.0089
0.0089
0.0088
0.0089
0.0091
0.0089
0.0089
0.0089
0.0091
0.0089
0.0089
0.0088
0.0089
0.009
0.0088
0.0088
0.0089
0.0089
0.0089
0.0089
0.0091
0.0088
0.0089
0.0087
0.0089
0.0088
0.0088
0.0104
0.0089
0.0088
0.0088
0.0087
0.0087
0.0088
0.0089
0.0089
0.0088
0.0088
0.0089
0.009
0.0089
0.0105
0.0088
0.0089
0.0091
0.0088
0.0104
0.0089
0.009
0.0091
0.0091
0.0088
0.0088
0.0088
0.0091
0.0091
0.0089
0.009
0.0089
0.009
0.0089
0.0089
0.0088
0.0087
0.0091
0.0088
0.0087
0.0088
0.0104
0.0088
0.0089
0.0102
0.0087
0.0089
0.0088
0.0088
0.009
0.0088
0.009
0.0088
0.0089
0.0089
0.0089
0.0088
0.0089
0.0087
0.0087
0.009
0.009
0.0089
0.0089
0.0088
0.0089
0.0088
0.0088
0.009
0.009
0.009
0.0088
0.0089
0.0089
0.0087
0.009
0.0091
0.009
0.0088
0.0091
0.0089
0.0092
0.0088
0.0087
0.0087
0.009
0.009
0.0089
0.0088
0.0088
0.009
0.0088
0.0088
0.009
0.0088
0.0089
0.0088
0.0088
0.0089
0.0089
0.009
0.009
0.009
0.009
0.009
0.0091
0.0089
0.009
0.0089
0.0089
0.0089
0.009
0.0088
0.0088
0.0088
0.0089
0.0087
0.009
0.0089
0.0088
0.0088
0.0089
0.0089
0.0089
0.009
0.0088
0.0089
0.0089
0.009
0.0089
0.009
0.0088
0.0088
0.009
0.0088
0.0088
0.0087
0.009
0.009
0.009
0.0089
0.0089
0.0088
0.009
0.0089
0.0091
0.0088
0.0088
0.009
0.0089
0.0089
0.009
0.0089
0.009
0.0091
0.009
0.0089
0.0091
0.009
0.009
0.009
0.0104
0.009
0.0089
0.0088
0.0089
0.0088
0.0088
0.0088
0.0088
0.0091
0.009
0.0089
0.0088
0.0088
0.0088
0.0091
0.009
0.0089
0.0089
0.0089
0.0088
0.009
0.0089
0.0088
0.0087
0.009
0.0089
0.009
0.0088
0.009
0.0088
0.0089
0.0089
0.0088
0.0087
0.0087
0.0089
0.0087
0.009
0.0089
0.0089
0.0088
0.0089
0.0089
0.0091
0.0089
0.009
0.0089
0.0089
0.0089
0.0089
0.0089
0.009
