0.0055
0.0036
0.0033
0.0032
0.0032
0.0032
0.0032
0.0032
0.0032
0.0032
0.0032
0.0033
0.0032
0.0032
0.0032
0.0032
0.0032
0.0032
0.0032
0.0032
0.0032
0.0032
0.0032
0.0032
0.0032
0.0032
0.0032
0.0032
0.0032
0.0032
0.0032
0.0032
0.0032
0.0032
0.0031
0.0032
0.0032
0.0032
0.0032
0.0032
0.0032
0.0032
0.0032
0.0031
0.0032
0.0031
0.0032
0.0032
0.0032
0.0032
0.0032
0.0033
0.0032
0.0031
0.0032
0.0032
0.0032
0.0032
0.0032
0.0031
0.0032
0.0032
0.0032
0.0031
0.0032
0.0031
0.0032
0.0032
0.0032
0.0032
0.0032
0.0032
0.0032
0.0032
0.0032
0.0032
0.0031
0.0032
0.0032
0.0032
0.0032
0.0032
0.0032
0.0032
0.003
0.0032
0.0031
0.0032
0.0032
0.0032
0.0032
0.0032
0.0032
0.0032
0.0032
0.0032
0.0032
0.0032
0.0032
0.0032
0.0032
0.0032
0.0032
0.0032
0.0031
0.0032
0.0032
0.0032
0.0032
0.0032
0.0032
0.0032
0.0032
0.0032
0.0032
0.0032
0.0033
0.0032
0.0032
0.0032
0.0032
0.0032
0.0032
0.0032
0.0032
0.0032
0.0031
0.0031
0.0032
0.0032
0.0031
0.0032
0.0032
0.0031
0.0032
0.0032
0.0032
0.0032
0.0032
0.0032
0.0032
0.0032
0.0032
0.0032
0.0032
0.0032
0.0032
0.0032
0.0033
0.0032
0.0033
0.0032
0.0032
0.0032
0.0032
0.0032
0.0032
0.0031
0.0032
0.0032
0.0031
0.0032
0.0032
0.0032
0.0032
0.0032
0.0032
0.0032
0.0033
0.0034
0.0032
0.0032
0.0034
0.0032
0.0032
0.0031
0.0032
0.0032
0.0032
0.0032
0.0032
0.0032
0.0033
0.0032
0.0033
0.0032
0.0032
0.0032
0.0032
0.0032
0.0032
0.0032
0.0032
0.0032
0.0032
0.0033
0.0032
0.0032
0.0032
0.0032
0.0032
0.0032
0.0033
0.0033
0.0032
0.0032
0.0033
0.0033
0.0032
0.0032
0.0032
0.0032
0.0032
0.0032
0.0033
0.0033
0.0032
0.0032
0.0033
0.0032
0.0032
0.0032
0.0032
0.0032
0.0033
0.0032
0.0034
0.0032
0.0032
0.0032
0.0032
0.0033
0.0033
0.0033
0.0033
0.0033
0.0032
0.0033
0.0032
0.0033
0.0032
0.0033
0.0033
0.0033
0.0035
0.0032
0.0033
0.0033
0.0033
0.0032
0.0032
0.0033
0.0033
0.0033
0.0033
0.0032
0.0032
0.0033
0.0032
0.0032
0.0032
0.0033
0.0032
0.0033
0.0032
0.0034
0.0033
0.0033
0.0033
0.0033
0.0035
0.0033
0.0032
0.0032
0.0033
0.0033
0.0032
0.0032
0.0033
0.0032
0.0032
0.0033
0.0033
0.0032
0.0032
0.0033
0.0033
0.0033
0.0032
0.0032
0.0032
0.0033
0.0032
0.0032
0.0032
0.0032
0.0032
0.0032
0.0032
0.0032
0.0032
0.0032
0.0032
0.0032
0.0032
0.0033
0.0032
0.0032
0.0032
0.0032
0.0032
0.0033
0.0033
0.0032
0.0034
0.0033
0.0032
0.0032
0.0032
0.0032
0.0032
0.0032
0.0032
0.0032
0.0032
0.0032
0.0032
0.0033
0.0032
0.0033
0.0032
0.0032
0.0033
0.0033
0.0032
0.0032
0.0032
0.0032
0.0033
0.0032
0.0032
0.0032
0.0032
0.0033
0.0034
0.0033
0.0034
0.0033
0.0033
0.0033
