0.043
0.0226
0.0209
0.0207
0.0209
0.0221
0.0207
0.0214
0.0206
0.0219
0.0204
0.0206
0.0204
0.0202
0.0203
0.0202
0.0203
0.0205
0.0202
0.0203
0.0204
0.0203
0.0204
0.0206
0.0203
0.0206
0.0204
0.0204
0.0202
0.0203
0.0204
0.0201
0.0202
0.0204
0.0204
0.0202
0.0203
0.0205
0.0203
0.0202
0.02
0.0198
0.0199
0.0201
0.0205
0.0203
0.0203
0.0205
0.0201
0.0201
0.0203
0.02
0.0201
0.02
0.0201
0.02
0.0202
0.0202
0.0204
0.0204
0.0202
0.0204
0.0205
0.0204
0.0201
0.0201
0.0203
0.0201
0.0203
0.0205
0.0204
0.0201
0.0204
0.0204
0.0204
0.0206
0.0202
0.0202
0.0201
0.0203
0.0203
0.02
0.0203
0.0203
0.0203
0.0202
0.0201
0.0202
0.0204
0.0206
0.0205
0.0203
0.0204
0.0203
0.0204
0.0207
0.0218
0.0204
0.0212
0.0203
0.0202
0.0205
0.0204
0.0204
0.0205
0.0203
0.0205
0.0203
0.0204
0.0202
0.0204
0.0206
0.0204
0.0204
0.0207
0.0206
0.0204
0.0202
0.0201
0.0206
0.0202
0.0205
0.0204
0.0202
0.0203
0.0206
0.0208
0.0206
0.0203
0.0202
0.0204
0.0205
0.0201
0.0203
0.0202
0.0203
0.0197
0.0205
0.0201
0.0203
0.0203
0.0203
0.0209
0.0203
0.0204
0.0202
0.0204
0.0203
0.0204
0.0213
0.0206
0.0204
0.0205
0.0203
0.0204
0.0204
0.0203
0.0205
0.0205
0.0203
0.0202
0.0204
0.0201
0.0206
0.0206
0.0202
0.0202
0.0204
0.0203
0.0204
0.0203
0.0203
0.0203
0.0201
0.0202
0.0202
0.0202
0.0203
0.0212
0.0201
0.0202
0.0204
0.0209
0.0205
0.0202
0.0209
0.0202
0.0204
0.0203
0.0203
0.0205
0.0203
0.0208
0.0206
0.0201
0.0208
0.0202
0.0205
0.0206
0.0205
0.0205
0.0204
0.0204
0.0204
0.0206
0.0204
0.0202
0.0206
0.0206
0.0204
0.0203
0.0203
0.0204
0.0204
0.0202
0.0204
0.0204
0.0202
0.0204
0.0204
0.0203
0.0202
0.0205
0.0202
0.0205
0.0205
0.0204
0.0206
0.0204
0.0203
0.0204
0.0204
0.0204
0.0204
0.0204
0.0204
0.0204
0.0203
0.0202
0.0204
0.0204
0.0205
0.0203
0.0203
0.0204
0.0206
0.0206
0.0203
0.0205
0.0204
0.0203
0.0204
0.0207
0.0203
0.0205
0.0203
0.0204
0.0205
0.0205
0.0201
0.0205
0.0203
0.0207
0.0206
0.0208
0.0206
0.0207
0.0205
0.0203
0.0204
0.0208
0.0204
0.0205
0.0217
0.0203
0.0212
0.0206
0.0204
0.0203
0.0205
0.0204
0.0203
0.0207
0.0209
0.0204
0.0204
0.0205
0.0206
0.0207
0.0207
0.0207
0.0204
0.0204
0.0206
0.0204
0.0203
0.0205
0.0204
0.0208
0.0204
0.0205
0.0205
0.0204
0.0206
0.0204
0.0204
0.0206
0.0205
0.0208
0.0204
0.0207
0.0204
0.0202
0.0205
0.0205
0.0206
0.0202
0.0203
0.0204
0.0204
0.0204
0.0207
0.0209
0.0202
0.0206
0.0207
0.0206
0.0212
0.0206
0.0204
0.0203
0.0204
0.0211
0.0202
0.0206
0.0204
0.0205
0.0205
0.0202
0.0204
0.0204
0.0209
0.0204
0.0207
0.0205
0.0204
0.0207
0.0207
0.0208
0.0206
